3.909147885096326380e+00,3.511593267657431028e+01
1.091139639262944172e+01,3.472724859616145920e+01
6.029081879170221647e+00,2.760583593294087734e+01
6.311073778692941616e+00,3.781089825944825833e+01
4.959779465455080860e+00,2.888707097041538319e+01
4.029068697064994709e+00,3.426712636674279366e+01
5.432175639557234703e+00,3.331200509335629079e+01
-1.333453178588436927e+00,2.762659055984212486e+01
2.053257078184957063e+00,2.985843564458307853e+01
3.372665127785101191e+00,2.916368395016473158e+01
-2.255433277182161689e-01,2.942975156863459674e+01
3.785508417940999237e+00,3.344445971618145563e+01
3.925284366793031499e+00,2.954504062039890755e+01
5.378300914775483221e+00,3.375751460357258082e+01
4.157505059995853181e+00,3.090036351090942901e+01
-1.344166863376154097e+00,2.806112655312298187e+01
2.792100923567725435e+00,2.877908024891680583e+01
5.661601886473645706e+00,3.136511272669762107e+01
4.257740683420736971e+00,2.512520933742833407e+01
9.399706375579063078e+00,2.620633037506150842e+01
7.366181492688257393e+00,2.908431885106458026e+01
3.838846784853438887e+00,3.295203456136881215e+01
6.010312315372926761e+00,3.009744324861495812e+01
4.230089412055745512e+00,3.586280643890812314e+01
3.875604564861334200e+00,2.848099567153239420e+01
1.123664432567327509e+01,3.281014769588343682e+01
3.748128092168627301e+00,3.017960173234954269e+01
4.257094847998908804e+00,3.395275835799063202e+01
6.167002824309847142e+00,2.675556842251646472e+01
6.192994002088285654e+00,2.973468025281735549e+01
5.325046042898564203e+00,3.017422971504991480e+01
6.355090151095769357e+00,3.636309054843070498e+01
5.499836092236426666e+00,3.190780351517832258e+01
7.600681681187996475e+00,3.147250217980059972e+01
1.452830839098444571e-01,3.381680571848182382e+01
6.332705678496509449e+00,2.621832017746345400e+01
4.303404172116218618e+00,3.143442986558716612e+01
5.749846949663915296e+00,3.065340731262036300e+01
5.346641211270438454e+00,2.376740603495668935e+01
4.528972009725105607e+00,3.015262916290143380e+01
6.509038079938514798e+00,3.365132853936676582e+01
-1.788688261653953226e+00,3.191530398778904498e+01
5.155050194354457993e+00,2.837181395591083799e+01
1.012919689762380226e+00,2.843570005307793025e+01
2.788861985712175695e+00,3.146251512740836631e+01
4.499306066557196893e+00,3.129714095917188388e+01
5.248446945114309869e+00,3.288658047882965718e+01
9.342979011980380832e+00,2.928675986385929164e+01
8.740237829679641024e+00,3.024133007137771045e+01
1.845175125444541209e+00,3.535436802068867479e+01
2.295891760151179462e+00,2.946467906226291333e+01
3.397100222354556109e+00,2.972789115244604474e+01
4.814195875427794036e+00,2.795189186718756247e+01
3.778900751544568948e+00,3.036074718795920901e+01
-1.144586630742001176e+00,3.358597798531554446e+01
3.397429510943393627e+00,3.048032657714533400e+01
1.055926290409988155e+01,3.201973348589027069e+01
6.479177390607006259e+00,3.221588426086945844e+01
1.293114780117498697e+00,3.286569182601446926e+01
8.309333860625770285e+00,2.794995565397400128e+01
-2.944711492011643728e+00,2.436330473391432250e+01
6.772107751353052763e+00,2.371996665877654920e+01
2.298187370067590329e+00,2.682557568510874546e+01
1.750025170111704220e+00,3.196224385294001991e+01
7.292902288016087198e+00,2.394547117423785210e+01
-2.408501525809663590e+00,3.288716926039877109e+01
1.211550305247631076e+00,2.985890550481336447e+01
1.788030650277776079e+00,3.088045488977591546e+01
4.034882999652525726e+00,2.762913910716902777e+01
7.501097067294923093e+00,3.266202799730205442e+01
9.063167494753625597e-01,2.490339954379155785e+01
-1.376576048242677430e+00,2.321599891590113174e+01
8.219779380821037762e+00,3.404300848325603113e+01
5.526755873326086643e+00,2.542689261295605974e+01
2.516650883334098143e+00,3.217184809293359393e+01
1.368038534000123096e+00,2.620458274524105846e+01
9.037408390883125975e-01,3.203831407843274803e+01
6.467591721219228873e+00,2.898908432769655619e+01
3.192101770483472656e+00,2.757724785215444996e+01
2.973310581859961665e+00,3.087014758591122643e+01
1.461402206472124377e-01,2.118436795938546879e+01
2.738338504475185786e+00,3.177503556360817427e+01
-1.197988625099290161e+00,3.092404654409601861e+01
1.017952498033003472e+00,2.831602945357813539e+01
3.202087654573241959e+00,2.998282354368663505e+01
3.239856843014533805e+00,2.859088850728599240e+01
9.931533197154740478e-01,3.185266940960950066e+01
2.374875047650953697e+00,2.639558154950603353e+01
5.656443508820735211e+00,3.345074677633629534e+01
8.347275074835241782e+00,3.229015185269483368e+01
3.288402038301232011e+00,2.783097897644423568e+01
5.480996687465671258e+00,3.466451657202375713e+01
5.512532159341009930e+00,2.341271306735619362e+01
-3.519182565742973168e-01,3.188796569089444688e+01
4.626340284859278285e+00,3.080421813228528549e+01
7.134326829902661871e+00,3.183211460608725218e+01
5.318405727198290300e+00,3.345107097919940742e+01
2.512228264886586793e+00,3.462723524328445279e+01
3.367398892412433398e+00,2.886009386168068147e+01
7.303248176521933033e+00,2.904447480859765562e+01
3.795879082725158948e+00,2.610218373465885833e+01
6.646935791139746641e+00,3.137558042039622919e+01
2.591729340137184145e+00,3.399605653900507463e+01
5.116663329416124562e+00,3.177674657747875031e+01
4.865703454063634581e-01,2.570279180570524602e+01
3.607897336321990611e+00,3.543331185254650251e+01
1.229159234172779058e+00,2.915154721219285960e+01
2.333758240011980067e+00,3.277827589197843139e+01
2.237163244197250656e+00,3.004292984953567824e+01
3.575870895076402434e+00,3.170708134838826098e+01
-1.498316127859613545e-01,2.884735602664505549e+01
-3.814790195530786576e+00,2.932732379130332134e+01
-2.350433646584040304e-01,2.922486188237065008e+01
6.883155030092146909e+00,3.761475236211175144e+01
3.097713135106310745e+00,3.337490487421999319e+01
2.605903113276473615e+00,2.533478279670780964e+01
1.591774968502948084e-01,3.630741269297725182e+01
1.365072090488097523e-01,2.296370986846029538e+01
3.233772934850311032e+00,2.860520609729594455e+01
5.353040336895536377e+00,3.456040170185253402e+01
1.134180889474110110e+00,2.979058315654921429e+01
1.131302687866503121e+00,2.900671933381475398e+01
1.055794388731166933e+00,2.926847059451577593e+01
1.703591986439466410e+00,2.783724144597706740e+01
2.436621616029293946e+00,2.799597763220056024e+01
1.008913062736969835e+01,3.176458542319431899e+01
1.387864893427892543e+00,2.778998987480974137e+01
8.162545149995681371e+00,3.641144297637792704e+01
4.168608239640041901e+00,3.740643066014672513e+01
6.543008411854254192e+00,3.201520414696082639e+01
1.825873150129448508e+00,3.181332148810892591e+01
1.792945134237986959e+00,2.635781921577602915e+01
-2.961041272987330331e-02,2.223370415287946500e+01
1.642745587210285851e+00,2.777925523907320837e+01
8.297984172323785046e+00,3.039657237924951971e+01
3.138783256522476695e+00,2.553337867217729240e+01
1.963656930692588620e+00,2.926605303258566693e+01
5.238103493484770112e+00,2.375340513491543959e+01
3.233092898336958232e+00,2.909296410633520225e+01
9.205506391034581348e-01,2.454730704175453226e+01
4.864824067888713799e+00,2.833188939642781179e+01
4.426242035774009764e+00,3.057905118116273258e+01
5.087362401695675551e+00,3.218734226263318021e+01
5.296908182124120401e+00,2.950262692916592044e+01
9.093520512008414158e+00,2.871270945294882182e+01
4.184609122531077752e+00,3.025641345005529459e+01
3.188013331656383009e+00,2.496324279100506516e+01
3.197180571589532505e+00,2.934047769891743584e+01
2.408766772659446609e+00,3.251905522959342676e+01
1.966190699517325058e-01,2.170748290770758615e+01
1.351679010745864939e+00,3.165655421974155814e+01
6.949745656214037837e+00,2.719087561488292693e+01
1.014263597145982487e+01,3.001554842954666213e+01
5.290228954622124391e+00,2.756344663576015108e+01
-1.926829233870838820e+00,2.705024194201661558e+01
2.086490592990637438e-01,2.680773077711613084e+01
7.249703477879265279e+00,2.785258070821370779e+01
9.168152217356269063e+00,3.550567437922231306e+01
4.841892127771627585e+00,2.897295336210365946e+01
7.313568868053291538e+00,3.403671212909443966e+01
5.941585602611954897e+00,3.457738827627218825e+01
5.324670935459085541e+00,3.201858452156900370e+01
3.447936633967972675e+00,3.495002139377720596e+01
6.439827187644633355e+00,3.444118822486242237e+01
3.502028823992912265e+00,2.894210290373192151e+01
2.175296039782275592e+00,2.730543904413130107e+01
3.059428261833215590e+00,2.993806814288587859e+01
1.114936745041189248e+01,3.344724652644670471e+01
5.511216346343063677e+00,2.847736410339835089e+01
3.905489904056627104e-01,2.867477014945779601e+01
-4.028526663304292654e-01,2.718747521407185275e+01
2.307551505279464177e+00,2.972531406219241390e+01
5.505327018932041128e+00,3.152923566540677669e+01
1.126795235815720275e+00,3.221510722926450399e+01
4.711426448990723159e+00,2.511454713847757603e+01
8.379331889395508881e+00,3.291740344125022943e+01
8.876649923912459883e+00,2.736769298396574612e+01
8.805029739459214966e+00,2.572572496419044441e+01
2.830152177769787336e+00,2.960486774472268579e+01
2.085632925084588862e+00,2.774878455835345648e+01
3.871837054546745094e+00,2.792288359542890674e+01
2.373246416421863625e+00,3.346615059457213448e+01
4.102753396624706284e+00,3.133866722834316221e+01
2.324762322467779363e-01,2.505206653105411263e+01
8.138996675736041908e+00,3.696061300860149856e+01
2.634591437423380533e+00,3.011010830598990040e+01
4.707366141584669705e+00,3.270638625674381217e+01
6.710539637607485730e+00,2.700095113107722966e+01
2.119396165824482203e+00,2.984032124211309522e+01
3.203973357823638679e+00,2.854511691151101616e+01
7.996734551725150908e+00,3.253941398646421135e+01
3.797808957023974585e+00,3.238400830188765411e+01
3.774826444536566239e+00,2.614485095400586090e+01
8.300610832593566357e+00,2.460384649672203494e+01
8.735826425118439431e+00,3.206631128552064069e+01
4.245237831822403329e+00,3.228677199887754767e+01
3.956241280004883620e+00,3.318826248343503948e+01
8.460084733756012554e-01,3.412945563786207970e+01
8.727152872951950968e-01,2.650772684336338614e+01
5.803671657098228742e+00,3.058198222783731879e+01
2.859482043565656717e+00,3.152545683462803439e+01
2.072455133825239493e+00,3.328477473205628456e+01
1.923231208341441345e+00,2.879728530096407013e+01
2.360426756607919785e+00,3.047382861568818768e+01
4.600907610142466631e+00,3.176293001832917184e+01
4.063886771340763815e+00,3.332176183267247893e+01
3.347453349175983028e+00,2.838962416887433804e+01
4.132701267637131970e+00,2.961009427364448143e+01
4.757025613659185304e+00,3.282511890886528505e+01
7.891462286635252177e+00,2.934251968001472477e+01
7.726658737903234986e+00,3.428784903419300889e+01
5.873940599665821161e-01,2.307473140347888219e+01
6.203776306897108128e+00,2.660577295547933119e+01
-2.041460223560201293e+00,3.123993565403890216e+01
-6.650265927800713683e-02,2.601702625134639391e+01
3.188148152142924907e+00,3.749636140281280205e+01
1.515869930371297691e+00,2.684008870475732067e+01
4.836765984815720287e+00,3.189561874473283964e+01
4.357614296112332752e+00,2.736164575177877722e+01
4.183128666568451060e+00,3.244574025197464806e+01
4.209685100127830815e+00,3.203442107922430893e+01
7.835142467870088723e+00,2.966810748062431102e+01
2.849917039982543532e+00,3.219958363315320327e+01
5.694926397032732623e+00,3.378979298380379959e+01
2.659295946739652194e+00,3.103392552730575105e+01
6.215847892280324416e+00,2.761180607938567277e+01
4.770420897376455471e+00,3.392186730982803056e+01
4.040870465521222421e+00,2.753921052243189393e+01
5.096418103242953634e+00,3.385708516407573399e+01
4.900586323745237394e+00,2.909883583095596293e+01
6.552207655143842402e+00,3.316839336871463217e+01
4.469404896508600622e+00,3.382977201371286213e+01
3.981524851601884407e+00,3.219663586366397823e+01
5.023361123958008712e+00,3.189739134684797861e+01
6.456567430857418799e+00,2.955703414001158436e+01
5.168249146665411686e+00,2.883825012768589602e+01
6.676684282009888172e-01,3.003896714907407173e+01
5.450657972779053395e+00,2.903816712106710085e+01
6.916211960407707693e-01,2.788783751745896566e+01
2.657255718576156056e+00,2.796920650412558018e+01
5.063990999292397710e+00,2.780880844286349074e+01
5.901121461717146133e+00,3.118522806501338707e+01
6.780470148228395999e+00,3.683749911512057196e+01
3.047561201174699086e+00,2.934809459742307425e+01
1.048477523099064168e+00,2.508947731861869812e+01
1.951877967364971767e+00,3.129630886678982549e+01
1.107653023111835999e+00,2.977452301152286651e+01
5.162141376725649877e+00,3.242040704523360972e+01
4.056470625471599867e-01,2.830191828144391408e+01
1.300861595337718946e+00,3.318929315647781664e+01
2.381707841560403160e+00,2.868637511342653212e+01
1.493405524937013062e+00,3.066639052295279910e+01
2.939629100307193266e+00,2.264672169066138707e+01
1.972342497246936333e+00,2.939413684081891631e+01
5.281202164190959003e-01,3.193494566912239918e+01
5.279024925368320353e+00,3.267081779015233423e+01
6.186079102664787221e+00,2.933558576757280889e+01
3.580154940335463998e+00,3.080268777276227610e+01
7.945287586620155551e+00,2.694748164749892183e+01
4.534588257989959459e+00,2.750044703082878783e+01
5.970763935970540892e+00,3.080661851159818454e+01
4.001906103841487372e+00,2.566970752787396748e+01
2.782866536418858949e+00,3.346209571727582244e+01
4.620180872579009446e+00,3.124102796830070616e+01
3.562054233544102999e+00,2.791278490385048627e+01
5.011420153046419301e+00,3.235851416193371932e+01
-7.297440407058610745e-01,2.497619602870962296e+01
7.233291903822620661e+00,2.778380325591015776e+01
4.505234412959402412e+00,2.825952771530804242e+01
1.161389518544662103e+00,2.810816409947488026e+01
4.402371344055227453e+00,3.068180258790623682e+01
8.577310225782465380e+00,3.280721695090591794e+01
2.059431877345265782e+00,2.774460837934099899e+01
3.094725759324305159e+00,3.300845059162557504e+01
3.630438455500207162e+00,2.610701745235251536e+01
3.837588796399401314e+00,2.958436105857835585e+01
5.456493307475693832e-01,2.623617683539420398e+01
2.031686071656448433e+00,2.958011316233541521e+01
4.244288388467892581e+00,3.233232966367073402e+01
4.694759328405592846e+00,3.029078271455107796e+01
1.067843824411353104e+01,3.478192893080770176e+01
1.011508929531367151e+01,3.265626736791809748e+01
7.810754579117542562e+00,3.091317777676023937e+01
4.667627439190646932e+00,3.205455041316643161e+01
-7.720259479477338260e-01,2.742127759281568800e+01
3.519807640405868465e+00,2.862604444093548395e+01
3.923911411226426615e+00,3.074638222130645460e+01
3.514587056146217137e+00,3.230456490292157667e+01
1.534778789290026868e+00,3.080921429787921184e+01
9.924065867086119042e+00,2.914339462572336714e+01
-6.429385129028357682e-01,2.650182543604672247e+01
8.984719935032538629e+00,3.572724321450192519e+01
3.932676589962985858e+00,3.079157988547763125e+01
5.827933275973625094e+00,3.537735294911024653e+01
9.926687755144749659e-01,3.076122600169055588e+01
5.652535201180020508e+00,3.238893138626864499e+01
3.069880395118648853e+00,2.462911629391715351e+01
6.674106476872037064e+00,3.261399991174247504e+01
7.561481216886747347e+00,3.129034714840403097e+01
2.807564236764680476e+00,3.149334978753808301e+01
9.908092985299880695e+00,3.670504426003774512e+01
-2.768790800484601355e+00,3.196698323537657060e+01
6.567998686127622499e+00,3.851642434341898991e+01
2.194281363810345109e+00,3.075738270811924835e+01
4.757934812924420775e+00,3.235259634077057456e+01
1.063246585394177490e+00,2.807243359211955891e+01
4.855966914150551261e+00,2.684308194004880477e+01
2.392691089133686333e+00,2.886333467106643269e+01
7.403598142317449060e-01,2.556833456919284586e+01
4.310802954082221916e+00,2.704314864873190061e+01
4.321719832378651205e+00,3.167336743593166304e+01
5.116487642818868586e+00,3.420219693554331286e+01
5.001432719689388406e+00,3.284411383442721899e+01
3.424888605886722281e-01,2.952016979065387403e+01
5.295462080832351148e+00,3.081648532361039372e+01
2.601302441085894479e+00,2.765201237930675759e+01
8.511915092768505886e+00,3.358971509038248371e+01
4.501944542428123697e+00,2.584969202339592798e+01
1.898526968817291660e+00,3.200880871187264631e+01
-6.196074077595143947e-01,2.753524868334154263e+01
-3.113272841385508194e+00,2.215181874278449214e+01
4.478667848796494155e+00,3.155195157030927788e+01
5.057346001428274285e+00,2.895663885130506543e+01
3.897012924263496991e+00,2.810513753685917493e+01
5.933379069037206577e+00,3.096500346330199704e+01
4.448144917145607558e+00,2.898793804237983807e+01
6.815224404190841412e+00,3.035865432475780779e+01
2.579966590705190299e+00,2.872642857618381740e+01
3.964250016318611625e+00,3.121482853696570814e+01
7.985065411439781435e+00,3.256976174994690609e+01
3.249632741691717452e+00,3.130175915041444412e+01
3.064188647780507146e+00,2.855139193938505571e+01
1.254622580378615293e+00,3.124664439174344466e+01
3.713364127159873185e+00,3.428102892362911547e+01
-8.270529613835773119e-01,2.697940604841065237e+01
8.254961276881653376e+00,2.929592976713918517e+01
2.922813264215428308e+00,2.952384709635553151e+01
7.422481164329885139e+00,3.195317243743973279e+01
-9.876180012142654618e-01,1.946757467261884855e+01
1.246992294786451794e+00,3.588336265937054037e+01
4.870408984571176880e+00,2.807055640456716716e+01
-4.730147683756893429e-01,2.756129819917646984e+01
7.108677504564471228e+00,2.495880410522415360e+01
1.015962960633450329e+01,3.640912231148674039e+01
3.114734397558617474e+00,2.684608661685599174e+01
4.540813991119215132e+00,2.997094548256420410e+01
4.623716485183537728e+00,3.087013825552893564e+01
5.996026217317478313e+00,3.092217504460487376e+01
2.425145282900960098e+00,3.082310679903604722e+01
2.320457310631502956e+00,3.346359703270221786e+01
5.910439627023120757e+00,2.931651762873418221e+01
3.237990351738637695e+00,3.259943509107226589e+01
5.727187690880107596e+00,2.981265147378441327e+01
6.292324110214800648e+00,3.083210740330639865e+01
5.090612432692807943e+00,2.943873788482975939e+01
1.403952556224630221e-01,2.724775636833813408e+01
3.437661362069527105e+00,2.933847630564706677e+01
1.275418329082013358e+00,2.927747290882989617e+01
2.297133485694572208e+00,3.396040837023920034e+01
1.263776270467401375e+00,2.706327687543254967e+01
4.476545929898147591e+00,3.250176191373304846e+01
6.256728202531796512e+00,2.954521596477311718e+01
4.241205187363071616e+00,2.683935012715728163e+01
8.270722811490539783e+00,3.096427899067296607e+01
6.651691193953708670e+00,3.128475111820903365e+01
-3.449206586279469633e-01,2.415816597491189199e+01
8.391463269396099989e-01,2.892653913206578054e+01
3.315636603594815490e+00,2.744810407809865183e+01
4.091942816258563376e+00,3.310173328525836922e+01
2.742931475108997930e+00,3.335475434824609664e+01
2.770699929736959000e+00,2.557587354348475728e+01
6.575717882691761496e+00,3.181103019430222290e+01
3.385609510974131986e+00,3.612768622568862753e+01
3.741008489204173948e+00,2.885270412572395671e+01
6.123933294723203247e+00,2.391042784157439627e+01
7.622590171332450204e+00,3.546078726447197482e+01
5.280352066489404805e+00,2.772294650205794397e+01
8.041782032532751145e+00,2.631124803302896709e+01
6.797944522999461725e+00,3.609838964617881629e+01
1.118324844235387694e+00,3.009114044370551966e+01
5.280287708748543807e+00,2.887584064186950528e+01
5.787558838804885752e+00,2.706532932220303778e+01
2.229351460610384805e-01,2.519912591002274738e+01
5.929876471007375471e+00,3.454014107903694963e+01
5.449899851899086656e+00,3.717518176738359159e+01
-5.363312251813283638e-01,2.567621270614290552e+01
4.952522846305310367e+00,3.095768910980089572e+01
3.472481594728487941e+00,2.796387455114539122e+01
1.250642372772885924e+00,2.694145614625288232e+01
6.901448264044097947e+00,2.829709307511491545e+01
5.506380832757757915e+00,2.821292845932882543e+01
7.978155904354622407e-01,3.352449423197556655e+01
7.400422195369484868e+00,3.001180521227548326e+01
2.380930328699839116e+00,2.496541117948964938e+01
1.604189735635632275e+00,3.276649591988981314e+01
1.875660331161692618e+00,2.849364348217511278e+01
2.326749999718743300e+00,2.920115625973171092e+01
2.427914030846444859e+00,2.546395668914344057e+01
1.198896841349667675e+00,2.832656446188072508e+01
3.253286344522533291e+00,2.884548168970936999e+01
2.467497737694605231e+00,3.063885938199610237e+01
6.949668706751228164e+00,2.588514903063714101e+01
4.067679079278470944e+00,3.421029399575582630e+01
4.139640415690384323e+00,2.978165526338617397e+01
8.978579004819216891e+00,3.184851930790352625e+01
7.737680079422446511e-01,2.789690714634330959e+01
6.714569453081223216e+00,3.415963413552655936e+01
4.608347990497046354e+00,2.969459433145880212e+01
3.823196434282028378e+00,3.404501802022102908e+01
5.817908969363436711e-01,2.227771088193511417e+01
1.129794307772209194e+01,3.137792479987518490e+01
1.174797692193126242e+00,2.957204714735914308e+01
1.166097693841980920e+00,2.872668768135333650e+01
-3.792174125819682828e-01,2.968550108320442504e+01
1.913046584625807789e+00,3.009734907425497497e+01
2.670414329070253334e+00,2.621056614149458852e+01
5.633062061202224413e+00,3.305237291542403000e+01
8.381506226754883215e+00,2.490997524473721114e+01
5.672184556660333499e+00,3.245455096432997522e+01
2.836049683762165152e+00,3.224889715802299861e+01
7.704086461561016286e+00,2.814355373397925675e+01
5.451085301599396082e+00,3.132250673008153186e+01
9.849557373484422840e+00,2.867106581572063817e+01
5.995831772915766855e+00,3.413280036604441392e+01
4.266978598887140706e+00,2.766856251562706248e+01
5.799357005279782484e+00,2.833059535334097845e+01
3.406411213259957993e+00,3.399909675500694561e+01
5.471097086598001979e+00,3.615107533528184547e+01
3.743429120121685827e+00,2.844280151404306167e+01
3.400835631617968424e+00,2.864521927830801218e+01
4.144579303417321725e+00,2.850393883692663621e+01
6.185538287141388203e+00,3.677031526823984109e+01
6.176436866188740993e+00,2.912537965708282073e+01
-3.472031709852245740e-01,2.531889847066981858e+01
1.081073467807594035e+01,3.026171326019375485e+01
4.725525814782915113e+00,2.916843345471476212e+01
6.701117608920567292e+00,3.417771101661035260e+01
3.688457010257341739e+00,3.495889903015138600e+01
2.957692670464581397e+00,2.817657790092669501e+01
3.073333717103061691e+00,3.289671589323159395e+01
4.987050869735291769e+00,3.474970139270433833e+01
3.072782008355717132e+00,3.267200605731744645e+01
1.456829564978437297e+00,2.617135791849008442e+01
3.799493100210692198e+00,2.455286755438413948e+01
2.961063095663293954e+00,3.193316318783087127e+01
7.889304326860492544e+00,2.382785982357718524e+01
2.583919229790068606e+00,2.722858416868978892e+01
5.996065293159932530e+00,3.013025387554389667e+01
2.238935821085120903e+00,2.712542365094309460e+01
6.088378558691218245e+00,2.906848753178486433e+01
1.274173148036964243e+00,2.749754952148619225e+01
6.073675105005746921e+00,3.132106654036569893e+01
1.679051732868677149e-01,3.072840674370040048e+01
2.785739399514238990e+00,3.199583068404197661e+01
3.375511314204264313e+00,3.358798064937239047e+01
3.436395684779784965e+00,2.842877368349735079e+01
8.391875042924050732e+00,3.939384727827139443e+01
2.027971003924878168e+00,2.469652045081676661e+01
3.952211577691218114e+00,2.959734229855836674e+01
2.900244826309357205e+00,2.668893409705486164e+01
2.598337249888927225e+00,3.080302414613920448e+01
1.843751617505051232e+00,3.149650636215778476e+01
-3.773712386970937693e+00,2.104369555874539799e+01
3.910409406127717258e+00,2.961488159758432914e+01
4.260312496869482324e+00,2.811358514127746844e+01
4.185637775353974632e+00,2.727050159488750580e+01
2.229145242276793670e+00,2.858729625573783650e+01
3.390266280267371091e+00,3.436991000652029271e+01
4.314358825278772791e+00,3.311915476721666352e+01
1.660952048559289018e+00,2.703067548555848987e+01
3.017547592664263867e+00,2.689091656153083676e+01
3.860867544932165440e+00,3.479085276157779560e+01
7.381706486686945290e-01,2.593521416955000447e+01
5.759467951466374025e+00,3.185614019565870336e+01
7.816424653134982137e+00,3.642810050021414270e+01
7.562929594620579010e+00,2.987058185356976026e+01
4.410732144144446920e+00,3.336456688822159578e+01
3.748919439465044245e+00,2.973161719651557888e+01
4.839960434964034164e+00,2.998346260047556555e+01
4.923008410581308780e+00,3.226302023859773271e+01
6.972243645602421935e+00,3.354472756200622285e+01
2.947645275245100560e+00,3.050595361204835498e+01
4.820074511529421457e+00,3.048639857368752715e+01
5.436946030349906422e+00,3.035618030378923038e+01
5.443943735390908145e+00,3.112980436069403822e+01
4.127250272007787935e+00,3.085643574529663624e+01
5.749410051522819032e+00,2.637468862920448487e+01
-1.006330115413241799e+00,2.607143817473603420e+01
4.994348497738879900e+00,3.088306068496219936e+01
8.883743618247425644e+00,4.059566213252663402e+01
-6.212348214968734794e-01,2.484511619514834635e+01
4.664172795066788169e+00,3.025413048246852910e+01
4.266693137049045959e+00,2.893752301375202407e+01
3.082201846128822531e+00,3.061906205380938673e+01
5.760189502299533970e+00,2.948452633754497754e+01
4.087954064891310857e+00,2.787098037802620354e+01
2.086725327053095214e+00,3.017180026497710443e+01
6.376355863377352051e-01,2.942922816404866282e+01
3.150139718158111446e+00,3.252743105098198129e+01
5.356522128963829843e+00,3.434997106846439863e+01
4.380085917915257809e+00,2.734515399012478909e+01
1.068659648293778019e+01,3.538862924320128656e+01
1.357676657909814733e+00,3.196955307573278660e+01
2.469083639795251806e+00,3.039515448081715832e+01
3.254058181687137896e+00,2.741319579208616375e+01
7.031743879787036633e+00,3.629751390616173268e+01
5.399705377781688576e+00,2.988715355484603009e+01
4.737275774230905512e+00,3.540815387209020315e+01
5.827085895521918246e+00,3.123284920910591822e+01
4.600095616375877050e+00,2.812288660442054677e+01
5.302609480557615385e+00,2.226011698042159992e+01
1.245011351506190689e+00,3.062683592092056983e+01
4.206097784789448291e+00,3.124628634798140325e+01
8.820791580791322417e+00,3.484647070358386145e+01
6.520758898952166760e+00,3.510537370060089302e+01
5.075343348460898518e+00,2.816489665850730262e+01
6.767250291182229205e+00,2.669830884232868584e+01
4.560209651747302750e+00,3.289516537104466920e+01
5.499042621173564349e+00,3.032985294124768672e+01
5.212239277673427651e+00,3.054001113065176298e+01
3.171131008436232079e+00,3.317359774536587480e+01
7.955824521790900938e+00,3.259075800199480000e+01
7.821784719047035317e+00,3.170758169248580671e+01
3.482486252779111169e+00,3.185438744201353245e+01
8.683946776939311718e+00,2.963557844180340339e+01
7.357623819617549188e-01,2.770118264379135908e+01
5.488174314315381608e+00,2.600819463457304792e+01
-1.480798277063222201e-01,3.168009992229400495e+01
6.286758222268190366e+00,3.595061618041282259e+01
2.207473111318684289e+00,2.844287907056842002e+01
3.599749847604013731e+00,2.269628089932198378e+01
4.787508728820185411e+00,2.889624804425369220e+01
2.407069811303526485e+00,2.730904027943140377e+01
9.708309276607933747e-01,2.516018618165953313e+01
4.383160820574736327e+00,3.066855928608351078e+01
4.665257146926578002e-01,3.034430433802173255e+01
7.265930726058912548e+00,2.721140442178514007e+01
3.336838042082650002e+00,3.142371681361605340e+01
2.563924701725040833e+00,2.876984477875613422e+01
3.349172642648374776e+00,3.344499938888551327e+01
6.391034233815570786e+00,2.912485399348340209e+01
4.821128543271327338e+00,2.793090063907435194e+01
6.779302922783450036e+00,3.416356982593578095e+01
7.502190281228977575e+00,3.186683163938119989e+01
3.998335078499283046e+00,2.978825718103678710e+01
6.416137125671604657e+00,2.605855451736156425e+01
2.155977102731063688e+00,2.720197676234536743e+01
3.390618496196915022e+00,3.558419488240122064e+01
2.798898346367794332e+00,3.118197265884125002e+01
5.119271573187441859e+00,3.130795626009329879e+01
4.422823969471944672e+00,3.433040968397021686e+01
-1.816919066812516803e-01,2.686908151840472314e+01
2.022762269481531039e+00,2.915995972079141296e+01
5.606837314977742182e+00,3.158309536734006429e+01
6.163403306170346596e+00,2.973108717295364301e+01
6.147990435075801230e+00,3.083703642714602466e+01
7.485237661414384291e+00,2.692826308437246752e+01
3.075766443821728480e+00,2.561795152143061927e+01
8.528943981525571871e-01,3.628703643893474862e+01
7.340843861599015696e+00,2.947315336362245120e+01
4.116453649764332035e+00,2.449234834912655145e+01
7.606337473145885042e+00,3.703595450873103090e+01
3.710725708345982365e+00,3.425185775463601345e+01
6.210887902054384568e+00,3.213428283904992355e+01
6.589315013960396428e+00,3.265585968641914860e+01
4.866387255831519099e+00,2.220975078064285313e+01
5.856823631135820385e+00,3.030039906987683551e+01
2.591584131204078378e+00,3.001914314975581632e+01
6.274046131913493696e+00,2.826813152476342594e+01
6.673061180812355886e+00,2.961566395975129140e+01
3.182914271642807602e+00,2.705609175005194800e+01
3.487215302582266307e+00,2.991058919399955229e+01
2.264604814350788864e+00,2.948122334891594676e+01
2.066316758347525706e+00,3.002185834870898162e+01
1.534824317827312434e+00,2.781705103563661652e+01
3.269611734695084593e+00,3.037367231844925541e+01
3.069201563666297261e-01,3.198188221987417990e+01
4.960353476537354034e+00,3.006589313389855533e+01
6.012978509967792817e+00,3.022578714416524903e+01
-1.051783713586488034e+00,2.430664240009332744e+01
8.872064240305839178e+00,3.387363188786175527e+01
7.671577229033895051e+00,3.110505025995894002e+01
3.057302589122805614e+00,3.177821334430617384e+01
-1.633166548241834271e+00,3.161332330107024902e+01
1.513097942299233889e+00,2.533845365750128664e+01
4.457931977752735975e+00,3.098512856391160852e+01
1.887140680240228185e+00,3.014083665371093801e+01
1.088111897321671684e+01,3.220406700861899907e+01
3.226230503144879691e+00,3.228206233677757808e+01
6.658504123217046100e-01,2.364962434332679919e+01
8.744383153210392834e+00,3.640817126524146374e+01
3.783357608120648585e+00,2.814885353557356851e+01
4.531637246166609678e+00,3.323395691700078913e+01
6.494870412146761751e+00,3.120073227494049917e+01
7.513186851631839858e+00,3.006929548854369827e+01
5.673770101258414300e+00,3.101931763445260515e+01
7.762142217472740136e+00,3.592029719943738542e+01
2.352276790223807534e+00,3.126417886868652474e+01
3.289013849920732646e+00,2.872449781851662465e+01
-3.592146057809296522e+00,2.876700816061097044e+01